#============================================================================
# Opacities computed by kappa        <a^n>=   8.2878e-2   1.1096e-1   5.3130e-1
# Method:   DHS  fmax=  0.800
# Parameters:
#   amin [um]=      0.050 amax [um]=   3000.000  na  =   72     apow=      3.50
#   lmin [um]=      0.050 lmax [um]=  10000.000  nlam=  300     nang=   180
#   porosity =      0.250 p_mantle =      0.000  fmax=     0.80 chop=   0.0
# Composition:
#  Where   mfrac  rho   Material
#  -----   -----  ----  -----------------------------------------------------
#  Core   0.870   3.01  pyr-mg70
#  Core   0.130   1.80  c-z
#  - - -   - - -  -  -  - - - - - - - - - - - - - - - - - - - - - - - - - - -
#  grain    1.000   2.08  mixture of   2 materials and vacuum
#----------------------------------------------------------------------------
#============================================================================
# Standard output file, no scattering matrix
#    iformat
#    nlambda
#    lambda[um]  kabs [cm^2/g]  ksca [cm^2/g]    g_asymmetry
#============================================================================
3
300
    5.000000e-2      4.227982e2      6.643914e2     9.430893e-1
    5.208338e-2      4.213642e2      6.703001e2     9.415392e-1
    5.425358e-2      4.198227e2      6.758755e2     9.397865e-1
    5.651420e-2      4.181265e2      6.809670e2     9.379171e-1
    5.886902e-2      4.163553e2      6.855724e2     9.362087e-1
    6.132195e-2      4.144728e2      6.896227e2     9.345426e-1
    6.387710e-2      4.124552e2      6.930661e2     9.326482e-1
    6.653871e-2      4.102450e2      6.958484e2     9.306903e-1
    6.931123e-2      4.079922e2      6.980423e2     9.288793e-1
    7.219927e-2      4.056491e2      6.995463e2     9.270868e-1
    7.520764e-2      4.031330e2      7.002810e2     9.251144e-1
    7.834137e-2      4.004389e2      7.003646e2     9.231601e-1
    8.160568e-2      3.977438e2      6.998412e2     9.213581e-1
    8.500600e-2      3.949599e2      6.986266e2     9.194935e-1
    8.854800e-2      3.919740e2      6.966120e2     9.174626e-1
    9.223759e-2      3.888320e2      6.940635e2     9.154343e-1
    9.608092e-2      3.857226e2      6.909989e2     9.136096e-1
    1.000844e-1      3.826374e2      6.872308e2     9.117658e-1
    1.042547e-1      3.831619e2      6.791382e2     9.102041e-1
    1.085987e-1      3.830606e2      6.717786e2     9.084935e-1
    1.131238e-1      3.822519e2      6.652657e2     9.066961e-1
    1.178374e-1      3.808473e2      6.590461e2     9.046727e-1
    1.227474e-1      3.793998e2      6.522284e2     9.025602e-1
    1.278620e-1      3.777364e2      6.458129e2     9.003990e-1
    1.331897e-1      3.749159e2      6.407659e2     8.980985e-1
    1.387394e-1      3.713721e2      6.356411e2     8.957224e-1
    1.445204e-1      3.683898e2      6.292528e2     8.933925e-1
    1.505422e-1      3.636361e2      6.256289e2     8.906116e-1
    1.568150e-1      3.546673e2      6.246132e2     8.877200e-1
    1.633491e-1      3.473243e2      6.173031e2     8.860799e-1
    1.701555e-1      3.446767e2      6.034904e2     8.855359e-1
    1.772455e-1      3.447605e2      5.871138e2     8.855889e-1
    1.846309e-1      3.461607e2      5.698054e2     8.858734e-1
    1.923240e-1      3.496920e2      5.503143e2     8.864961e-1
    2.003377e-1      3.552879e2      5.308725e2     8.869299e-1
    2.086853e-1      3.642692e2      5.060922e2     8.885590e-1
    2.173808e-1      3.726131e2      4.835690e2     8.896264e-1
    2.264385e-1      3.773360e2      4.675651e2     8.894249e-1
    2.358737e-1      3.805828e2      4.541515e2     8.887837e-1
    2.457020e-1      3.841763e2      4.421939e2     8.877159e-1
    2.559398e-1      3.872317e2      4.332132e2     8.857896e-1
    2.666043e-1      3.887024e2      4.268511e2     8.833162e-1
    2.777131e-1      3.886525e2      4.225298e2     8.804875e-1
    2.892847e-1      3.873706e2      4.187205e2     8.777069e-1
    3.013385e-1      3.852849e2      4.157051e2     8.747467e-1
    3.138946e-1      3.819427e2      4.132134e2     8.718090e-1
    3.269739e-1      3.776592e2      4.108500e2     8.689823e-1
    3.405981e-1      3.726831e2      4.084236e2     8.662805e-1
    3.547901e-1      3.673132e2      4.048994e2     8.640362e-1
    3.695734e-1      3.621257e2      4.010225e2     8.618643e-1
    3.849726e-1      3.570619e2      3.968287e2     8.597853e-1
    4.010136e-1      3.519824e2      3.925799e2     8.577376e-1
    4.177229e-1      3.462983e2      3.888056e2     8.556890e-1
    4.351284e-1      3.410392e2      3.848349e2     8.536158e-1
    4.532592e-1      3.357159e2      3.809042e2     8.515626e-1
    4.721455e-1      3.304663e2      3.769820e2     8.494951e-1
    4.918187e-1      3.249584e2      3.731933e2     8.475121e-1
    5.123117e-1      3.193994e2      3.696131e2     8.454310e-1
    5.336585e-1      3.136710e2      3.661554e2     8.433563e-1
    5.558948e-1      3.077026e2      3.626762e2     8.413631e-1
    5.790577e-1      3.016711e2      3.590771e2     8.395254e-1
    6.031857e-1      2.955578e2      3.553998e2     8.377400e-1
    6.283191e-1      2.894369e2      3.516424e2     8.360074e-1
    6.544997e-1      2.832610e2      3.478390e2     8.343752e-1
    6.817712e-1      2.771560e2      3.438515e2     8.329156e-1
    7.101790e-1      2.709811e2      3.399312e2     8.314234e-1
    7.397705e-1      2.646958e2      3.360014e2     8.299548e-1
    7.705951e-1      2.584876e2      3.325565e2     8.282973e-1
    8.027040e-1      2.520699e2      3.293946e2     8.266162e-1
    8.361508e-1      2.454362e2      3.256643e2     8.252772e-1
    8.709913e-1      2.388048e2      3.216730e2     8.240721e-1
    9.072835e-1      2.325415e2      3.174502e2     8.231235e-1
    9.450879e-1      2.268170e2      3.129908e2     8.222720e-1
    9.844676e-1      2.212334e2      3.085106e2     8.213323e-1
     1.025488e0      2.157043e2      3.042502e2     8.202162e-1
     1.068218e0      2.102598e2      3.001528e2     8.192271e-1
     1.112728e0      2.050423e2      2.960412e2     8.182165e-1
     1.159093e0      1.999182e2      2.920762e2     8.170055e-1
     1.207389e0      1.948709e2      2.879538e2     8.159078e-1
     1.257699e0      1.896212e2      2.832973e2     8.155690e-1
     1.310104e0      1.845341e2      2.789838e2     8.149368e-1
     1.364693e0      1.798443e2      2.757927e2     8.131824e-1
     1.421557e0      1.753302e2      2.716755e2     8.122302e-1
     1.480790e0      1.708291e2      2.664017e2     8.125422e-1
     1.542491e0      1.667293e2      2.621198e2     8.118580e-1
     1.606763e0      1.627274e2      2.581928e2     8.107188e-1
     1.673713e0      1.585154e2      2.538530e2     8.102603e-1
     1.743453e0      1.544249e2      2.495796e2     8.099803e-1
     1.816098e0      1.506799e2      2.450603e2     8.097007e-1
     1.891771e0      1.470743e2      2.405226e2     8.093134e-1
     1.970597e0      1.434999e2      2.369115e2     8.083715e-1
     2.052707e0      1.398460e2      2.329456e2     8.080018e-1
     2.138239e0      1.362878e2      2.285764e2     8.078682e-1
     2.227334e0      1.328077e2      2.243494e2     8.075279e-1
     2.320142e0      1.296050e2      2.204065e2     8.072198e-1
     2.416817e0      1.266075e2      2.165888e2     8.067752e-1
     2.517520e0      1.236064e2      2.131673e2     8.057616e-1
     2.622419e0      1.206888e2      2.094785e2     8.050411e-1
     2.731690e0      1.183025e2      2.052005e2     8.051968e-1
     2.845513e0      1.156990e2      2.013919e2     8.049408e-1
     2.964079e0      1.130887e2      1.976232e2     8.044935e-1
     3.087585e0      1.107354e2      1.937044e2     8.043082e-1
     3.216238e0      1.085630e2      1.898997e2     8.042885e-1
     3.350251e0      1.057750e2      1.866284e2     8.038332e-1
     3.489848e0      1.035599e2      1.827249e2     8.037738e-1
     3.635262e0      1.013846e2      1.793418e2     8.033351e-1
     3.786735e0      9.929852e1      1.760846e2     8.030223e-1
     3.944520e0      9.692786e1      1.730788e2     8.023508e-1
     4.108879e0      9.496364e1      1.695623e2     8.020604e-1
     4.280086e0      9.280563e1      1.659670e2     8.024425e-1
     4.458427e0      9.043069e1      1.628292e2     8.025242e-1
     4.644200e0      8.851442e1      1.592730e2     8.028221e-1
     4.837713e0      8.664623e1      1.556697e2     8.031515e-1
     5.039289e0      8.445877e1      1.523039e2     8.038285e-1
     5.249265e0      8.251295e1      1.484144e2     8.053144e-1
     5.467990e0      8.072202e1      1.444112e2     8.067936e-1
     5.695828e0      7.863772e1      1.399650e2     8.094525e-1
     5.933160e0      7.774375e1      1.348898e2     8.129987e-1
     6.180382e0      7.742339e1      1.294710e2     8.167931e-1
     6.437904e0      7.584567e1      1.256710e2     8.186407e-1
     6.706156e0      7.391474e1      1.209989e2     8.227697e-1
     6.985587e0      7.234978e1      1.158179e2     8.278189e-1
     7.276660e0      7.084965e1      1.088049e2     8.362382e-1
     7.579862e0      6.912940e1      1.003860e2     8.480564e-1
     7.895697e0      7.422471e1      8.345282e1     8.713675e-1
     8.224692e0      9.773319e1      6.148373e1     8.916933e-1
     8.567396e0      1.228171e2      5.734846e1     8.772093e-1
     8.924380e0      1.492988e2      6.517316e1     8.353393e-1
     9.296239e0      1.711441e2      7.620552e1     7.899442e-1
     9.683591e0      1.789688e2      8.486852e1     7.602290e-1
     1.008708e1      1.756375e2      9.036796e1     7.439217e-1
     1.050739e1      1.671347e2      9.486170e1     7.324804e-1
     1.094521e1      1.534015e2      9.862499e1     7.266424e-1
     1.140127e1      1.357357e2      1.022403e2     7.249886e-1
     1.187634e1      1.114857e2      1.058511e2     7.307752e-1
     1.237119e1      9.646856e1      1.023053e2     7.477762e-1
     1.288667e1      9.053028e1      9.580900e1     7.638230e-1
     1.342363e1      8.887504e1      8.930947e1     7.760707e-1
     1.398296e1      8.826633e1      8.380794e1     7.851291e-1
     1.456560e1      8.766655e1      7.747988e1     7.966895e-1
     1.517252e1      8.792074e1      7.001206e1     8.110644e-1
     1.580472e1      9.531411e1      6.114851e1     8.226537e-1
     1.646327e1      1.079556e2      5.682279e1     8.160824e-1
     1.714925e1      1.203402e2      5.820985e1     7.926876e-1
     1.786382e1      1.301570e2      6.186188e1     7.646037e-1
     1.860817e1      1.346634e2      6.559915e1     7.410888e-1
     1.938353e1      1.349905e2      6.816507e1     7.246900e-1
     2.019119e1      1.330066e2      7.011390e1     7.119604e-1
     2.103251e1      1.301458e2      7.168215e1     7.007704e-1
     2.190889e1      1.236389e2      7.273828e1     6.949854e-1
     2.282178e1      1.174441e2      7.250595e1     6.940743e-1
     2.377272e1      1.125175e2      7.180332e1     6.938539e-1
     2.476327e1      1.088528e2      7.090173e1     6.930461e-1
     2.579510e1      1.061173e2      6.994587e1     6.913994e-1
     2.686992e1      1.038165e2      6.927873e1     6.879957e-1
     2.798953e1      1.016626e2      6.875748e1     6.837313e-1
     2.915579e1      9.920331e1      6.861140e1     6.780119e-1
     3.037064e1      9.576639e1      6.850711e1     6.734490e-1
     3.163612e1      9.221673e1      6.821761e1     6.700743e-1
     3.295432e1      8.873308e1      6.779418e1     6.673620e-1
     3.432745e1      8.541772e1      6.729856e1     6.648164e-1
     3.575780e1      8.229164e1      6.676550e1     6.623221e-1
     3.724774e1      7.901643e1      6.627679e1     6.600811e-1
     3.879977e1      7.596686e1      6.560798e1     6.585578e-1
     4.041647e1      7.324789e1      6.476610e1     6.575445e-1
     4.210053e1      7.102282e1      6.384133e1     6.563170e-1
     4.385476e1      6.885498e1      6.296241e1     6.549374e-1
     4.568209e1      6.667291e1      6.213571e1     6.533186e-1
     4.758556e1      6.431775e1      6.148764e1     6.510657e-1
     4.956834e1      6.210099e1      6.083489e1     6.488044e-1
     5.163374e1      6.018328e1      5.997578e1     6.474268e-1
     5.378519e1      5.835956e1      5.908437e1     6.460859e-1
     5.602630e1      5.653983e1      5.825194e1     6.445150e-1
     5.836079e1      5.472982e1      5.750775e1     6.426229e-1
     6.079255e1      5.297249e1      5.672804e1     6.409933e-1
     6.332563e1      5.138880e1      5.586476e1     6.395441e-1
     6.596427e1      4.978580e1      5.506128e1     6.379254e-1
     6.871284e1      4.828372e1      5.429843e1     6.361002e-1
     7.157595e1      4.699529e1      5.344037e1     6.344574e-1
     7.455836e1      4.575784e1      5.256415e1     6.328060e-1
     7.766503e1      4.421619e1      5.195389e1     6.301409e-1
     8.090115e1      4.269439e1      5.137591e1     6.275633e-1
     8.427212e1      4.140720e1      5.061974e1     6.257424e-1
     8.778354e1      4.007247e1      4.985011e1     6.241932e-1
     9.144128e1      3.878562e1      4.912410e1     6.224762e-1
     9.525143e1      3.759699e1      4.837196e1     6.211234e-1
     9.922034e1      3.646247e1      4.761281e1     6.195465e-1
     1.033546e2      3.533083e1      4.688590e1     6.176466e-1
     1.076612e2      3.420299e1      4.619015e1     6.159277e-1
     1.121472e2      3.318510e1      4.546920e1     6.144177e-1
     1.168201e2      3.218091e1      4.475165e1     6.126725e-1
     1.216877e2      3.115224e1      4.406315e1     6.107575e-1
     1.267581e2      3.016617e1      4.339341e1     6.090985e-1
     1.320399e2      2.927844e1      4.271006e1     6.074238e-1
     1.375417e2      2.836887e1      4.203032e1     6.056188e-1
     1.432727e2      2.744406e1      4.137464e1     6.036619e-1
     1.492426e2      2.660819e1      4.072111e1     6.020917e-1
     1.554611e2      2.580426e1      4.007719e1     6.003800e-1
     1.619389e2      2.498572e1      3.944521e1     5.982897e-1
     1.686865e2      2.414291e1      3.883888e1     5.961514e-1
     1.757153e2      2.335397e1      3.823938e1     5.946594e-1
     1.830369e2      2.268099e1      3.758869e1     5.931665e-1
     1.906636e2      2.196036e1      3.699208e1     5.908143e-1
     1.986081e2      2.117255e1      3.643787e1     5.886093e-1
     2.068837e2      2.049331e1      3.585228e1     5.872437e-1
     2.155041e2      1.983102e1      3.528262e1     5.854037e-1
     2.244836e2      1.917362e1      3.470565e1     5.831613e-1
     2.338373e2      1.851564e1      3.414519e1     5.812598e-1
     2.435808e2      1.794697e1      3.355970e1     5.801227e-1
     2.537302e2      1.736100e1      3.302348e1     5.781037e-1
     2.643026e2      1.675758e1      3.248352e1     5.757081e-1
     2.753155e2      1.618388e1      3.194450e1     5.740445e-1
     2.867872e2      1.568186e1      3.138543e1     5.729405e-1
     2.987370e2      1.517810e1      3.085668e1     5.709821e-1
     3.111847e2      1.466301e1      3.032697e1     5.685266e-1
     3.241510e2      1.417422e1      2.980914e1     5.671067e-1
     3.376577e2      1.369691e1      2.930925e1     5.657263e-1
     3.517271e2      1.322831e1      2.882507e1     5.633699e-1
     3.663827e2      1.271377e1      2.836414e1     5.605284e-1
     3.816491e2      1.221163e1      2.790868e1     5.593678e-1
     3.975515e2      1.187582e1      2.734714e1     5.588664e-1
     4.141166e2      1.152774e1      2.683916e1     5.565003e-1
     4.313719e2      1.112415e1      2.636040e1     5.540707e-1
     4.493461e2      1.075566e1      2.587431e1     5.533522e-1
     4.680693e2      1.041267e1      2.540058e1     5.521189e-1
     4.875727e2      1.003369e1      2.497738e1     5.489591e-1
     5.078888e2      9.626598e0      2.456658e1     5.463486e-1
     5.290513e2      9.275885e0      2.410964e1     5.458797e-1
     5.510957e2      8.970807e0      2.366276e1     5.446698e-1
     5.740585e2      8.635341e0      2.325140e1     5.411899e-1
     5.979782e2      8.303117e0      2.283997e1     5.392860e-1
     6.228946e2      8.016471e0      2.237859e1     5.391486e-1
     6.488492e2      7.772667e0      2.194137e1     5.377681e-1
     6.758853e2      7.478474e0      2.154404e1     5.340191e-1
     7.040478e2      7.191480e0      2.115876e1     5.325238e-1
     7.333839e2      6.942857e0      2.071392e1     5.324620e-1
     7.639423e2      6.721328e0      2.031806e1     5.304385e-1
     7.957740e2      6.437519e0      1.995616e1     5.263043e-1
     8.289321e2      6.169347e0      1.960530e1     5.252349e-1
     8.634718e2      5.941968e0      1.918699e1     5.252213e-1
     8.994507e2      5.732738e0      1.882929e1     5.223372e-1
     9.369287e2      5.468031e0      1.849879e1     5.181133e-1
     9.759684e2      5.235638e0      1.814797e1     5.177614e-1
     1.016635e3      5.047975e0      1.773835e1     5.177947e-1
     1.058996e3      4.858857e0      1.740715e1     5.139010e-1
     1.103121e3      4.627293e0      1.709899e1     5.098880e-1
     1.149086e3      4.427565e0      1.674118e1     5.099803e-1
     1.196966e3      4.275829e0      1.635322e1     5.099245e-1
     1.246841e3      4.095549e0      1.604445e1     5.048163e-1
     1.298794e3      3.897750e0      1.575801e1     5.013887e-1
     1.352911e3      3.726221e0      1.539476e1     5.019311e-1
     1.409284e3      3.606483e0      1.503808e1     5.015334e-1
     1.468006e3      3.433440e0      1.474233e1     4.954098e-1
     1.529174e3      3.266758e0      1.448371e1     4.929776e-1
     1.592891e3      3.123055e0      1.411315e1     4.938712e-1
     1.659263e3      3.027714e0      1.379507e1     4.926001e-1
     1.728401e3      2.862733e0      1.351734e1     4.859600e-1
     1.800420e3      2.722889e0      1.327188e1     4.845802e-1
     1.875439e3      2.604647e0      1.290631e1     4.859172e-1
     1.953584e3      2.524077e0      1.262840e1     4.831442e-1
     2.034985e3      2.374239e0      1.237031e1     4.764400e-1
     2.119779e3      2.254048e0      1.212949e1     4.759562e-1
     2.208105e3      2.161726e0      1.176940e1     4.773347e-1
     2.300112e3      2.087502e0      1.151985e1     4.725252e-1
     2.395952e3      1.960603e0      1.128537e1     4.662304e-1
     2.495786e3      1.855409e0      1.102691e1     4.660163e-1
     2.599779e3      1.788627e0      1.068519e1     4.672580e-1
     2.708106e3      1.712586e0      1.045014e1     4.601657e-1
     2.820947e3      1.608414e0      1.023881e1     4.544351e-1
     2.938489e3      1.519872e0      9.952995e0     4.546664e-1
     3.060929e3      1.474946e0      9.642035e0     4.549923e-1
     3.188471e3      1.392445e0      9.407920e0     4.456597e-1
     3.321327e3      1.311819e0      9.214407e0     4.409529e-1
     3.459719e3      1.238877e0      8.904622e0     4.414698e-1
     3.603878e3      1.213494e0      8.629320e0     4.398556e-1
     3.754043e3      1.122868e0      8.392774e0     4.289714e-1
     3.910466e3      1.061856e0      8.215840e0     4.252480e-1
     4.073406e3      1.003711e0      7.892620e0     4.261508e-1
     4.243135e3     9.918273e-1      7.650770e0     4.219060e-1
     4.419937e3     9.018748e-1      7.418137e0     4.109990e-1
     4.604105e3     8.550874e-1      7.249561e0     4.083457e-1
     4.795948e3     8.115124e-1      6.922693e0     4.085707e-1
     4.995784e3     7.992859e-1      6.708226e0     4.010962e-1
     5.203947e3     7.298495e-1      6.495629e0     3.905465e-1
     5.420783e3     6.836422e-1      6.309777e0     3.885412e-1
     5.646655e3     6.570570e-1      6.003001e0     3.895317e-1
     5.881938e3     6.393529e-1      5.811137e0     3.777194e-1
     6.127025e3     5.882993e-1      5.628022e0     3.681845e-1
     6.382324e3     5.420825e-1      5.422715e0     3.679602e-1
     6.648260e3     5.351596e-1      5.155225e0     3.699637e-1
     6.925278e3     4.984952e-1      4.969898e0     3.535478e-1
     7.213839e3     4.543248e-1      4.812115e0     3.442228e-1
     7.514423e3     4.285933e-1      4.584290e0     3.436741e-1
     7.827531e3     4.261153e-1      4.348371e0     3.437274e-1
     8.153687e3     3.678818e-1      4.146877e0     3.273782e-1
     8.493432e3     3.505407e-1      4.038382e0     3.213751e-1
     8.847334e3     3.248544e-1      3.790044e0     3.198221e-1
     9.215982e3     3.095656e-1      3.549655e0     3.187644e-1
     9.599990e3     2.795930e-1      3.381083e0     3.053725e-1
     1.000000e4     2.699658e-1      3.272437e0     2.983842e-1
