# Wavelength grid written by optool, can be read back in with -l optool_lam.dat
# First line: number of wavelengths
# Then one lambda per line, in micrometer
         300
       0.50000E-01
       0.52083E-01
       0.54254E-01
       0.56514E-01
       0.58869E-01
       0.61322E-01
       0.63877E-01
       0.66539E-01
       0.69311E-01
       0.72199E-01
       0.75208E-01
       0.78341E-01
       0.81606E-01
       0.85006E-01
       0.88548E-01
       0.92238E-01
       0.96081E-01
       0.10008E+00
       0.10425E+00
       0.10860E+00
       0.11312E+00
       0.11784E+00
       0.12275E+00
       0.12786E+00
       0.13319E+00
       0.13874E+00
       0.14452E+00
       0.15054E+00
       0.15681E+00
       0.16335E+00
       0.17016E+00
       0.17725E+00
       0.18463E+00
       0.19232E+00
       0.20034E+00
       0.20869E+00
       0.21738E+00
       0.22644E+00
       0.23587E+00
       0.24570E+00
       0.25594E+00
       0.26660E+00
       0.27771E+00
       0.28928E+00
       0.30134E+00
       0.31389E+00
       0.32697E+00
       0.34060E+00
       0.35479E+00
       0.36957E+00
       0.38497E+00
       0.40101E+00
       0.41772E+00
       0.43513E+00
       0.45326E+00
       0.47215E+00
       0.49182E+00
       0.51231E+00
       0.53366E+00
       0.55589E+00
       0.57906E+00
       0.60319E+00
       0.62832E+00
       0.65450E+00
       0.68177E+00
       0.71018E+00
       0.73977E+00
       0.77060E+00
       0.80270E+00
       0.83615E+00
       0.87099E+00
       0.90728E+00
       0.94509E+00
       0.98447E+00
       0.10255E+01
       0.10682E+01
       0.11127E+01
       0.11591E+01
       0.12074E+01
       0.12577E+01
       0.13101E+01
       0.13647E+01
       0.14216E+01
       0.14808E+01
       0.15425E+01
       0.16068E+01
       0.16737E+01
       0.17435E+01
       0.18161E+01
       0.18918E+01
       0.19706E+01
       0.20527E+01
       0.21382E+01
       0.22273E+01
       0.23201E+01
       0.24168E+01
       0.25175E+01
       0.26224E+01
       0.27317E+01
       0.28455E+01
       0.29641E+01
       0.30876E+01
       0.32162E+01
       0.33503E+01
       0.34898E+01
       0.36353E+01
       0.37867E+01
       0.39445E+01
       0.41089E+01
       0.42801E+01
       0.44584E+01
       0.46442E+01
       0.48377E+01
       0.50393E+01
       0.52493E+01
       0.54680E+01
       0.56958E+01
       0.59332E+01
       0.61804E+01
       0.64379E+01
       0.67062E+01
       0.69856E+01
       0.72767E+01
       0.75799E+01
       0.78957E+01
       0.82247E+01
       0.85674E+01
       0.89244E+01
       0.92962E+01
       0.96836E+01
       0.10087E+02
       0.10507E+02
       0.10945E+02
       0.11401E+02
       0.11876E+02
       0.12371E+02
       0.12887E+02
       0.13424E+02
       0.13983E+02
       0.14566E+02
       0.15173E+02
       0.15805E+02
       0.16463E+02
       0.17149E+02
       0.17864E+02
       0.18608E+02
       0.19384E+02
       0.20191E+02
       0.21033E+02
       0.21909E+02
       0.22822E+02
       0.23773E+02
       0.24763E+02
       0.25795E+02
       0.26870E+02
       0.27990E+02
       0.29156E+02
       0.30371E+02
       0.31636E+02
       0.32954E+02
       0.34327E+02
       0.35758E+02
       0.37248E+02
       0.38800E+02
       0.40416E+02
       0.42101E+02
       0.43855E+02
       0.45682E+02
       0.47586E+02
       0.49568E+02
       0.51634E+02
       0.53785E+02
       0.56026E+02
       0.58361E+02
       0.60793E+02
       0.63326E+02
       0.65964E+02
       0.68713E+02
       0.71576E+02
       0.74558E+02
       0.77665E+02
       0.80901E+02
       0.84272E+02
       0.87784E+02
       0.91441E+02
       0.95251E+02
       0.99220E+02
       0.10335E+03
       0.10766E+03
       0.11215E+03
       0.11682E+03
       0.12169E+03
       0.12676E+03
       0.13204E+03
       0.13754E+03
       0.14327E+03
       0.14924E+03
       0.15546E+03
       0.16194E+03
       0.16869E+03
       0.17572E+03
       0.18304E+03
       0.19066E+03
       0.19861E+03
       0.20688E+03
       0.21550E+03
       0.22448E+03
       0.23384E+03
       0.24358E+03
       0.25373E+03
       0.26430E+03
       0.27532E+03
       0.28679E+03
       0.29874E+03
       0.31118E+03
       0.32415E+03
       0.33766E+03
       0.35173E+03
       0.36638E+03
       0.38165E+03
       0.39755E+03
       0.41412E+03
       0.43137E+03
       0.44935E+03
       0.46807E+03
       0.48757E+03
       0.50789E+03
       0.52905E+03
       0.55110E+03
       0.57406E+03
       0.59798E+03
       0.62289E+03
       0.64885E+03
       0.67589E+03
       0.70405E+03
       0.73338E+03
       0.76394E+03
       0.79577E+03
       0.82893E+03
       0.86347E+03
       0.89945E+03
       0.93693E+03
       0.97597E+03
       0.10166E+04
       0.10590E+04
       0.11031E+04
       0.11491E+04
       0.11970E+04
       0.12468E+04
       0.12988E+04
       0.13529E+04
       0.14093E+04
       0.14680E+04
       0.15292E+04
       0.15929E+04
       0.16593E+04
       0.17284E+04
       0.18004E+04
       0.18754E+04
       0.19536E+04
       0.20350E+04
       0.21198E+04
       0.22081E+04
       0.23001E+04
       0.23960E+04
       0.24958E+04
       0.25998E+04
       0.27081E+04
       0.28209E+04
       0.29385E+04
       0.30609E+04
       0.31885E+04
       0.33213E+04
       0.34597E+04
       0.36039E+04
       0.37540E+04
       0.39105E+04
       0.40734E+04
       0.42431E+04
       0.44199E+04
       0.46041E+04
       0.47959E+04
       0.49958E+04
       0.52039E+04
       0.54208E+04
       0.56467E+04
       0.58819E+04
       0.61270E+04
       0.63823E+04
       0.66483E+04
       0.69253E+04
       0.72138E+04
       0.75144E+04
       0.78275E+04
       0.81537E+04
       0.84934E+04
       0.88473E+04
       0.92160E+04
       0.96000E+04
       0.10000E+05
